========================================================================================================================
实验结果记录 - 20251216-104214
========================================================================================================================
超参数设置:
  训练轮数: 1000
  学习率: 0.01
  Dropout率: 0.5
  优化器类型: Adam
    Beta1: 0.9
    Beta2: 0.999
    Epsilon: 1e-08
    权重衰减: 0.0001
  验证集比例: 0.1
  测试集比例: 0.8
  损失函数: Focal Loss
    Alpha: 1.0
    Gamma: 2.0
  随机种子: [21, 22, 80, 443, 445, 554, 3306, 5900, 8080, 25565]
========================================================================================================================


========================================================================================================================
数据集: Indian_pines - 实验结果汇总 (共10个种子)
========================================================================================================================

主要指标对比表:
------------------------------------------------------------------------------------------------------------------------
种子     种子值      训练时间(秒)        测试Loss       OA(%)      AA(%)      Kappa      最佳模型                           最佳轮次      
------------------------------------------------------------------------------------------------------------------------
1      21       111.71         0.0596       96.97      93.57      96.55      Val Loss:0.0577 Acc:97.46%     997       
2      22       113.63         0.0706       96.14      93.25      95.60      Val Loss:0.0896 Acc:96.68%     811       
3      80       123.71         0.0570       96.38      90.90      95.87      Val Loss:0.0499 Acc:96.68%     989       
4      443      113.14         0.0715       95.61      93.01      94.98      Val Loss:0.0486 Acc:96.39%     980       
5      445      117.84         0.0997       96.03      94.48      95.48      Val Loss:0.0943 Acc:95.61%     918       
6      554      114.24         0.1099       96.49      94.42      95.99      Val Loss:0.0920 Acc:96.58%     958       
7      3306     127.58         0.0830       95.57      88.39      94.95      Val Loss:0.0799 Acc:96.68%     919       
8      5900     126.45         0.1094       96.17      88.57      95.63      Val Loss:0.1036 Acc:96.09%     882       
9      8080     123.19         0.0569       97.14      92.43      96.74      Val Loss:0.0745 Acc:96.68%     790       
10     25565    119.44         0.0739       96.19      87.08      95.65      Val Loss:0.0624 Acc:97.07%     920       
------------------------------------------------------------------------------------------------------------------------
平均     -        119.09         0.0792       96.27      91.61      95.74      Val Loss:0.0753 Acc:96.59%     916.4     
标准差    -        5.56           0.0196       0.48       2.57       0.55       Loss:0.0187 Acc:0.48%          67.7      

各类别精度对比表:
------------------------------------------------------------------------------------------------------------------------
种子     种子值      类别1(%)       类别2(%)       类别3(%)       类别4(%)       类别5(%)       类别6(%)       类别7(%)       类别8(%)       类别9(%)       类别10(%)      类别11(%)      类别12(%)      类别13(%)      类别14(%)      类别15(%)      类别16(%)     
------------------------------------------------------------------------------------------------------------------------
1      21       97.22        96.15        96.84        95.77        94.04        97.95        86.36        100.00       50.00        93.95        97.81        93.25        99.39        100.00       98.38        100.00      
2      22       88.89        95.18        97.44        97.35        84.46        98.63        68.18        100.00       81.25        90.60        96.84        97.89        99.39        99.80        97.40        98.65       
3      80       100.00       96.76        95.48        94.71        88.08        99.49        90.91        100.00       6.25         91.76        96.33        97.89        100.00       99.41        100.00       97.30       
4      443      94.44        91.86        88.86        96.30        97.41        98.46        72.73        99.74        81.25        89.06        98.47        97.68        99.39        99.60        95.13        87.84       
5      445      80.56        97.20        94.28        98.94        84.46        95.55        90.91        99.48        93.75        92.66        96.44        98.73        99.39        99.41        96.75        93.24       
6      554      69.44        93.35        95.93        96.30        90.67        99.32        90.91        100.00       100.00       93.44        98.63        94.51        98.78        99.21        98.38        91.89       
7      3306     97.22        95.10        97.29        95.77        90.16        97.77        72.73        99.21        0.00         90.60        96.64        95.78        98.17        98.91        90.26        98.65       
8      5900     69.44        95.53        98.34        92.06        93.01        98.97        86.36        100.00       18.75        91.63        97.86        93.25        100.00       98.02        97.40        86.49       
9      8080     97.22        95.27        92.32        95.24        94.82        99.49        95.45        100.00       18.75        96.65        97.96        99.37        100.00       99.31        98.38        98.65       
10     25565    69.44        94.75        93.83        89.95        96.89        99.83        68.18        99.74        0.00         87.90        98.42        97.26        100.00       100.00       98.38        98.65       
------------------------------------------------------------------------------------------------------------------------
平均     -        86.39        95.11        95.06        95.24        91.40        98.54        82.27        99.82        45.00        91.83        97.54        96.56        99.45        99.37        97.05        95.14       
标准差    -        12.26        1.49         2.71         2.44         4.44         1.19         10.05        0.26         38.71        2.39         0.85         2.11         0.58         0.56         2.57         4.69        

========================================================================================================================


========================================================================================================================
所有数据集的总运行时间:
  0小时 21分钟 11.16秒 (总计: 1271.16秒)
========================================================================================================================
